x <- c(0.8, 0.47, 0.51, 0.73, 0.36, 0.58, 0.57, 0.85, 0.44, 0.42)

y <- c(1.39, 0.72, 1.55, 0.48, 1.19, -1.59, 1.23, -0.65, 1.49, 0.05)

# "-1" removes the intercept
lm (y ~ x-1)
